84.300000 99.600000 0.801525 19.521568 -8.043870 0.995694
159.800000 68.200000 0.969109 19.321104 -9.580926 0.993757
170.200000 192.200000 1.025062 18.734098 -9.714808 0.993783
133.100000 131.200000 1.080747 20.788425 -8.569665 0.994950
60.100000 112.000000 0.948674 19.321732 -8.425447 0.994453
77.500000 333.400000 1.027567 21.430506 -8.113951 0.996224
158.600000 66.100000 1.079163 20.679974 -9.554311 0.993622
40.600000 225.200000 13.309484 20.268011 -9.720667 0.411727
120.200000 9.700000 0.793391 20.981934 -8.083832 0.996582
25.000000 217.800000 1.071295 19.550262 -9.374957 0.993225
62.600000 20.100000 0.943130 18.783632 -8.363511 0.994127
82.400000 131.500000 0.872139 19.482594 -8.062156 0.995402
87.700000 258.600000 1.187257 18.768885 -8.011237 0.993554
86.100000 111.000000 1.054051 20.271486 -8.026885 0.995469
7.800000 339.700000 0.960782 19.069029 -9.404543 0.993707
177.600000 204.000000 0.888549 18.216976 -9.744157 0.994768
87.500000 95.300000 0.706043 19.063499 -8.012836 0.995733
51.000000 168.700000 0.963072 19.620419 -8.703795 0.994261
145.900000 83.700000 1.166323 19.003258 -9.147552 0.992556
61.500000 272.100000 1.091644 19.670740 -8.391207 0.994217
119.400000 16.600000 1.091589 20.400524 -8.062510 0.995396
77.100000 312.900000 12.137710 25.847681 -11.331349 0.490114
85.200000 62.400000 0.874888 20.167912 -8.035065 0.995929
86.600000 78.800000 1.087334 20.838762 -8.021590 0.995800
85.800000 251.400000 1.098845 20.269815 -8.029093 0.995321
28.500000 19.400000 1.025604 20.046389 -9.331330 0.993669
101.800000 205.800000 1.060153 18.673250 -7.902817 0.994225
57.300000 234.800000 0.902961 19.849485 -8.502767 0.994941
41.000000 85.500000 0.942134 19.765844 -9.034582 0.994104
109.300000 331.900000 0.958370 21.730654 -7.906699 0.996799
75.600000 189.500000 1.065141 20.489048 -8.136796 0.995434
92.900000 5.100000 14.556244 24.837959 -10.298529 0.433816
103.200000 291.000000 1.131867 19.898529 -7.898252 0.995116
38.900000 302.700000 0.869304 19.836821 -9.096358 0.994409
40.700000 110.200000 0.978970 18.994856 -9.042864 0.993548
48.400000 198.200000 1.104580 19.554472 -8.789732 0.993469
130.800000 187.400000 1.124730 18.867870 -8.464752 0.993198
62.600000 122.400000 1.019060 20.437450 -8.362267 0.995196
86.400000 21.000000 0.856222 21.085464 -8.023758 0.996558
31.500000 270.300000 0.743993 19.223858 -9.279678 0.994680
60.800000 234.500000 0.893691 19.530807 -8.407919 0.994862
127.800000 50.800000 0.950356 19.394060 -8.339981 0.994628
104.000000 86.500000 1.047895 22.003416 -7.896513 0.996755
78.200000 36.900000 1.009183 21.014185 -8.105590 0.996019
123.500000 287.900000 1.136508 18.702108 -8.183944 0.993410
96.400000 63.500000 0.939122 20.206240 -7.935185 0.995908
95.200000 60.900000 0.977988 19.975897 -7.944579 0.995608
79.300000 220.400000 1.145288 20.074953 -8.094077 0.994890
156.000000 83.200000 1.096917 21.461725 -9.491838 0.994124
65.900000 120.800000 0.841733 20.100792 -8.290759 0.995630
84.500000 152.200000 0.986886 19.537306 -8.041783 0.995074
162.900000 341.000000 15.808255 15.852894 -7.501649 0.236175
75.000000 304.200000 0.946908 19.611847 -8.144313 0.995118
76.800000 118.100000 0.910085 20.974161 -8.122360 0.996236
30.900000 310.100000 1.222220 20.261063 -9.289904 0.992902
80.800000 176.300000 0.804639 20.071192 -8.078360 0.996012
104.200000 301.100000 0.988006 19.362545 -7.896170 0.995159
79.300000 354.600000 1.065635 19.829586 -8.093686 0.994958
161.700000 278.600000 0.726701 21.444597 -9.615946 0.995341
50.900000 236.600000 0.999440 20.108801 -8.705225 0.994492
100.100000 349.900000 0.980012 20.736410 -7.910801 0.996182
57.800000 23.500000 0.895661 19.518927 -8.490809 0.994733
133.000000 274.300000 0.859418 20.396992 -8.563533 0.995410
143.700000 157.200000 1.048755 20.939997 -9.054683 0.994475
113.900000 19.800000 0.868393 19.129784 -7.953326 0.995304
134.000000 221.900000 0.847973 19.207354 -8.608728 0.994564
78.800000 2.700000 0.968410 19.923630 -8.099309 0.995363
74.900000 134.900000 11.946877 20.619171 -8.951176 0.447453
23.900000 41.100000 1.133671 19.475798 -9.384832 0.992883
108.100000 179.800000 1.128679 21.505672 -7.900811 0.996294
50.100000 178.600000 0.916572 20.518753 -8.733446 0.995075
157.500000 33.800000 0.980254 20.444750 -9.530247 0.993954
114.400000 307.000000 1.046840 20.569538 -7.960375 0.995814
37.700000 306.600000 0.991434 20.098000 -9.132060 0.994008
92.700000 139.000000 0.792461 20.318478 -7.965735 0.996349
26.400000 226.600000 0.959315 19.563290 -9.359116 0.993775
163.600000 188.900000 1.030563 20.938173 -9.646167 0.993910
160.000000 119.400000 1.248389 19.080914 -9.584436 0.992330
48.500000 127.000000 1.116286 19.147404 -8.787734 0.993092
72.800000 250.700000 0.893005 21.596561 -8.173279 0.996573
29.100000 259.600000 11.238202 20.918997 -9.143735 0.393706
58.400000 175.300000 1.096976 19.522961 -8.473442 0.993925
73.600000 49.800000 14.165416 19.802277 -7.954258 0.394107
44.400000 58.200000 0.869158 21.679546 -8.922760 0.995767
119.300000 136.400000 1.006376 19.423120 -8.059849 0.994875
39.600000 285.400000 0.838078 21.754879 -9.077229 0.995716
110.900000 24.500000 0.938590 19.422247 -7.918256 0.995345
59.300000 340.400000 0.946790 19.898447 -8.448720 0.994892
29.200000 283.400000 1.021925 19.393332 -9.321068 0.993428
15.100000 64.200000 20.393337 19.094267 -7.782378 0.214920
79.800000 306.400000 0.988408 22.023912 -8.088856 0.996679
84.400000 318.000000 1.108926 19.448154 -8.043169 0.994534
26.900000 123.600000 0.964008 19.494734 -9.353591 0.993735
152.800000 173.600000 1.008941 22.479422 -9.399569 0.995270
93.100000 134.300000 1.006563 19.181967 -7.962356 0.994822
151.100000 67.600000 1.048898 20.376549 -9.344722 0.993741
104.900000 95.200000 1.163646 18.893549 -7.895525 0.994020
169.900000 268.000000 1.078982 20.043268 -9.712289 0.993323
14.000000 253.500000 0.955490 20.310326 -9.415681 0.994063
156.000000 296.000000 0.910164 21.528950 -9.491702 0.994868
159.300000 56.600000 0.980929 19.853882 -9.570987 0.993739
108.100000 63.000000 0.954952 21.589909 -7.900925 0.996742
108.100000 204.000000 1.077790 18.757212 -7.900805 0.994237
13.700000 216.400000 0.915062 20.345936 -9.415291 0.994254
70.500000 73.000000 0.835314 18.683319 -8.207078 0.994718
144.200000 288.100000 0.934909 21.287273 -9.076176 0.995109
99.800000 22.200000 1.022991 19.031507 -7.912109 0.994707
77.700000 254.300000 1.044174 19.197830 -8.112237 0.994436
31.100000 321.000000 0.992855 19.080635 -9.286498 0.993505
84.800000 179.300000 1.001161 21.791918 -8.039266 0.996586
65.600000 84.000000 13.700351 20.284538 -9.337543 0.372653
108.300000 92.200000 14.883431 18.660187 -7.899409 0.266725
41.600000 282.000000 0.931248 19.503845 -9.016425 0.994018
111.400000 328.700000 1.058917 19.446438 -7.923471 0.994931
153.200000 167.700000 10.700673 22.870424 -10.691079 0.484069
121.300000 102.400000 1.113316 19.679268 -8.112451 0.994614
57.000000 5.500000 1.137050 20.477909 -8.513916 0.994573
21.700000 358.900000 0.840357 20.273460 -9.400940 0.994539
73.800000 242.300000 1.026654 19.637815 -8.159600 0.994824
63.900000 49.400000 1.013419 21.577204 -8.333258 0.996065
104.900000 216.000000 0.899540 20.903717 -7.895559 0.996507
135.800000 277.700000 15.844651 20.096622 -9.041038 0.278941
88.400000 99.600000 7.218943 26.932331 -11.781335 0.568153
105.200000 285.100000 1.024285 20.083126 -7.895506 0.995620
136.400000 59.300000 0.994770 19.894712 -8.719027 0.994321
78.800000 311.600000 1.139540 21.523346 -8.099856 0.996014
69.500000 289.100000 0.929508 19.415983 -8.223535 0.994901
12.200000 145.500000 0.981485 22.010632 -9.413311 0.995025
121.400000 227.300000 1.014805 20.625769 -8.117095 0.995720
59.400000 224.500000 1.005446 19.664000 -8.445991 0.994476
77.600000 333.100000 0.819211 20.369476 -8.113069 0.996117
153.900000 240.600000 1.050647 17.689911 -9.433043 0.993816
21.900000 354.900000 0.930305 17.092278 -9.399792 0.994814
123.600000 149.200000 0.928302 19.126194 -8.185600 0.994723
101.000000 141.700000 0.872636 21.185192 -7.906092 0.996711
112.700000 317.500000 0.925613 20.576506 -7.937721 0.996189
176.800000 63.600000 0.977571 21.037851 -9.742812 0.994120
132.000000 292.700000 1.143096 21.092634 -8.519779 0.995066
139.600000 213.200000 10.945032 26.242855 -9.909575 0.581809
79.900000 152.700000 0.925810 19.687565 -8.087809 0.995338
150.300000 52.800000 0.957145 19.446644 -9.318249 0.993757
98.300000 217.600000 1.111269 19.900133 -7.921688 0.995148
7.200000 115.800000 1.230884 17.766459 -9.403193 0.992736
106.000000 273.300000 10.684384 19.778299 -7.028831 0.590153
149.600000 246.400000 1.149211 18.474684 -9.294244 0.992684
153.000000 27.900000 0.930675 19.437708 -9.407991 0.993884
15.400000 322.100000 0.997902 20.248131 -9.416381 0.993846
56.300000 4.600000 1.065487 18.995306 -8.533025 0.993512
24.100000 27.700000 1.031076 19.338448 -9.383634 0.993375
81.100000 319.600000 0.944907 19.380640 -8.075526 0.995042
90.900000 289.700000 1.021565 18.654310 -7.981339 0.994236
14.300000 209.400000 13.790604 16.027565 -6.564973 0.319330
144.600000 3.500000 0.848441 20.797112 -9.093038 0.995063
112.800000 162.700000 1.009508 21.010946 -7.938455 0.996240
100.800000 124.300000 1.051031 20.764923 -7.906723 0.996015
121.600000 220.400000 1.042226 21.432234 -8.122149 0.996177
121.000000 239.600000 1.037695 19.134348 -8.106492 0.994413
76.300000 256.700000 1.172608 21.263723 -8.127592 0.995707
15.000000 62.400000 10.762724 24.381964 -11.298160 0.506657
55.300000 321.100000 0.859392 20.142616 -8.563476 0.995231
45.300000 153.900000 0.930446 21.940472 -8.893424 0.995794
62.800000 341.400000 1.008411 20.843290 -8.358023 0.995546
26.300000 198.400000 1.080679 19.599178 -9.361243 0.993195
51.900000 209.500000 1.089566 20.869871 -8.673985 0.994825
44.700000 255.800000 1.018096 18.608154 -8.915431 0.993234
77.300000 2.200000 1.203433 19.412239 -8.116361 0.993980
125.200000 221.700000 1.020806 18.793406 -8.240311 0.993954
145.900000 224.000000 1.045084 21.201200 -9.146769 0.994566
84.700000 327.500000 0.932966 21.479671 -8.039962 0.996573
76.700000 265.200000 0.823318 19.467468 -8.123167 0.995470
83.900000 188.900000 0.963701 18.900871 -8.047329 0.994600
101.300000 272.900000 0.938412 21.059208 -7.904804 0.996489
121.100000 329.100000 1.076177 19.004162 -8.108013 0.994123
15.900000 208.000000 0.957568 18.853222 -9.416341 0.993745
122.100000 102.700000 0.982252 20.899715 -8.138039 0.995973
114.800000 31.400000 17.378248 16.935253 -7.212355 0.217385
68.800000 316.100000 1.065942 18.947063 -8.235135 0.993900
56.100000 0.600000 0.803850 20.480114 -8.540205 0.995676
34.300000 110.900000 18.425640 16.517630 -7.318043 0.166551
127.400000 144.900000 0.966862 20.204065 -8.325131 0.995245
52.800000 284.600000 0.985761 21.092793 -8.642625 0.995390
84.400000 265.400000 1.029871 19.187088 -8.042791 0.994601
155.400000 76.900000 0.941194 21.355019 -9.478091 0.994663
125.700000 33.300000 0.892139 21.232752 -8.258871 0.996265
86.600000 211.400000 1.076515 19.668785 -8.021802 0.994897
25.300000 207.700000 1.226068 20.513237 -9.371826 0.992990
56.200000 113.600000 8.996469 24.388628 -11.238819 0.569554
112.600000 174.000000 0.956687 18.739206 -7.935976 0.994664
134.700000 168.100000 0.993430 21.795364 -8.644003 0.995849
93.200000 143.800000 0.970086 20.762865 -7.961597 0.996156
64.900000 41.000000 0.900020 20.462357 -8.310717 0.995673
108.900000 169.000000 0.868863 19.109531 -7.904651 0.995360
115.300000 264.700000 0.868881 19.227266 -7.974889 0.995346
174.200000 145.800000 0.932883 20.367155 -9.735638 0.994070
11.500000 108.100000 0.965935 22.929659 -9.412022 0.995669
99.900000 51.500000 1.029652 21.134838 -7.911877 0.996300
125.900000 224.000000 0.908671 17.966917 -8.266869 0.993798
15.200000 313.000000 7.707850 22.409103 -11.034093 0.638168
81.100000 249.300000 0.746679 18.865749 -8.075100 0.995371
68.600000 219.900000 0.946249 19.812107 -8.239843 0.995135
98.300000 120.600000 1.041252 20.347637 -7.921144 0.995728
98.200000 207.600000 0.997622 20.484383 -7.922334 0.995951
77.100000 69.100000 1.020863 19.357946 -8.118269 0.994666
98.100000 84.000000 1.107178 20.446154 -7.922972 0.995602
128.300000 270.800000 0.940897 21.608343 -8.362557 0.996234
82.400000 25.100000 0.944207 21.506250 -8.061833 0.996536
75.200000 307.100000 0.877654 19.997000 -8.141064 0.995651
118.800000 274.100000 0.904685 19.482231 -8.047422 0.995311
32.100000 46.500000 9.400694 23.795805 -11.033123 0.557685
61.500000 125.200000 0.815934 21.002359 -8.390602 0.996163
93.900000 220.200000 1.116361 21.879501 -7.954989 0.996471
25.300000 76.400000 1.144869 19.737106 -9.372391 0.992923
102.500000 204.900000 1.051219 20.451820 -7.900122 0.995806
25.700000 310.700000 1.030428 19.704325 -9.367755 0.993479
151.900000 173.700000 0.986893 21.321756 -9.373369 0.994586
132.900000 12.200000 1.149488 18.303980 -8.560572 0.992499
71.800000 100.500000 1.057549 17.786568 -8.187963 0.992953
51.900000 38.100000 0.978674 19.409561 -8.672886 0.994072
69.400000 291.600000 1.189384 17.550465 -8.225332 0.991955
126.900000 97.500000 1.043563 19.832150 -8.306191 0.994692
110.300000 191.500000 0.844259 19.299620 -7.913519 0.995577
155.500000 272.400000 0.918338 19.405424 -9.478683 0.993953
92.400000 321.600000 0.862007 20.461428 -7.968394 0.996247
56.400000 252.400000 0.867527 21.784258 -8.531943 0.996314
121.800000 61.000000 0.945115 19.375351 -8.127711 0.994955
84.000000 6.300000 1.005689 20.339920 -8.046182 0.995643
128.200000 339.700000 1.057574 18.570721 -8.356339 0.993415
52.800000 353.900000 0.868336 19.328960 -8.643631 0.994523
48.500000 255.500000 1.020390 19.069818 -8.785843 0.993519
122.200000 127.300000 1.024092 19.269861 -8.140807 0.994536
90.100000 324.100000 0.967440 21.282417 -7.989259 0.996442
119.900000 152.400000 0.960162 18.366026 -8.075300 0.994094
119.500000 133.700000 14.115230 21.463879 -8.412592 0.412918
38.500000 188.000000 1.096272 20.125408 -9.108338 0.993584
96.500000 64.200000 1.004144 19.480923 -7.934421 0.995139
87.300000 52.800000 0.955510 19.504368 -8.014680 0.995202
70.400000 154.800000 1.033100 20.917856 -8.208981 0.995741
138.400000 199.800000 0.979340 20.739071 -8.813313 0.994908
111.700000 175.700000 0.951707 19.754108 -7.926480 0.995551
116.400000 82.000000 0.930771 19.035828 -7.994167 0.994932
17.100000 243.300000 9.772083 22.143879 -8.996787 0.455363
10.400000 192.600000 0.962234 22.077736 -9.409988 0.995137
92.800000 321.400000 1.162401 19.100636 -7.964385 0.994113
106.600000 146.400000 1.033998 20.343721 -7.896504 0.995784
91.500000 19.300000 1.160823 20.190395 -7.975824 0.995139
34.300000 320.100000 0.828228 21.293787 -9.219519 0.995299
120.700000 19.100000 0.978128 20.869295 -8.095713 0.996022
155.700000 337.600000 1.070565 18.937109 -9.485036 0.993217
146.800000 212.000000 1.239349 19.220341 -9.186660 0.992233
92.700000 10.200000 0.922665 19.625536 -7.965397 0.995487
83.800000 224.100000 0.863274 21.386421 -8.048417 0.996675
66.700000 305.100000 0.998729 19.957521 -8.274614 0.995013
149.200000 164.500000 0.837785 19.077478 -9.276206 0.994247
72.000000 156.500000 1.015905 20.711576 -8.184062 0.995680
109.200000 96.300000 0.970519 21.160372 -7.906189 0.996468
105.700000 206.800000 1.066202 19.523203 -7.895627 0.995020
83.200000 308.500000 1.163836 18.486322 -8.054187 0.993272
148.200000 24.800000 1.109684 18.355982 -9.241750 0.992871
65.700000 352.500000 1.071138 21.185013 -8.294058 0.995698
5.800000 179.300000 1.219119 19.470833 -9.400455 0.992426
160.700000 124.500000 0.962844 21.790899 -9.598664 0.994730
55.500000 277.200000 1.045606 20.468330 -8.556967 0.994831
44.300000 357.700000 1.015488 20.376650 -8.926118 0.994340
78.900000 77.600000 0.984897 19.948805 -8.098561 0.995328
129.600000 147.300000 0.837134 20.046841 -8.415094 0.995438
33.700000 88.400000 1.016531 19.882055 -9.232950 0.993686
69.100000 332.400000 1.135456 19.916332 -8.230211 0.994546
52.800000 281.900000 0.920454 20.762135 -8.642500 0.995361
147.700000 166.600000 0.869690 19.655787 -9.218981 0.994252
51.900000 159.400000 15.951718 16.091957 -7.796100 0.188475
87.500000 111.800000 0.931402 21.704443 -8.013299 0.996726
130.200000 170.400000 1.054879 18.722775 -8.439067 0.993453
67.800000 20.500000 1.001121 21.546251 -8.253883 0.996181
43.700000 271.800000 0.991918 22.060680 -8.945903 0.995629
73.900000 267.900000 22.085684 18.413469 -6.132269 0.310396
103.400000 345.900000 1.103401 18.542969 -7.897674 0.993908
120.700000 320.500000 1.129661 19.186943 -8.096909 0.994096
18.700000 210.900000 0.966700 19.085527 -9.412887 0.993683
38.000000 167.400000 0.954942 19.760996 -9.121415 0.993977
54.400000 289.400000 1.026652 19.358822 -8.591087 0.993921
82.900000 107.500000 0.862022 20.185413 -8.056895 0.995948
112.800000 235.300000 0.970327 19.871925 -7.938310 0.995563
94.800000 246.700000 0.880485 21.414694 -7.947769 0.996765
40.400000 340.900000 1.042220 18.948767 -9.050582 0.993209
32.000000 175.800000 1.163483 19.180376 -9.269925 0.992632
131.500000 114.700000 17.362677 15.862459 -6.904551 0.160502
133.700000 96.500000 0.981695 21.922802 -8.593857 0.996027
72.400000 146.200000 0.996880 16.792946 -8.179458 0.992779
119.500000 347.700000 0.957670 21.437922 -8.063578 0.996463
133.800000 190.000000 1.007607 21.781477 -8.601988 0.995857
11.100000 239.600000 0.823960 19.794628 -9.411392 0.994440
103.200000 67.700000 1.072888 20.595402 -7.898068 0.995849
145.200000 260.300000 0.834703 20.592674 -9.120517 0.994956
96.400000 245.000000 0.949114 20.057266 -7.934588 0.995773
55.700000 90.400000 0.965820 18.960634 -8.552500 0.993933
80.600000 7.000000 1.044387 20.871502 -8.080981 0.995860
104.000000 245.900000 1.056022 20.266748 -7.896518 0.995661
63.800000 34.900000 11.795485 17.118120 -7.735837 0.295991
113.900000 4.300000 0.997119 19.936190 -7.952997 0.995504
109.000000 302.700000 0.987867 19.936819 -7.905122 0.995608
76.200000 230.100000 1.068805 20.076773 -8.129484 0.995099
118.900000 166.300000 0.983814 20.187849 -8.049081 0.995592
130.600000 220.100000 0.955566 21.198578 -8.456560 0.995813
90.200000 227.100000 1.070992 19.967939 -7.987980 0.995232
28.400000 195.400000 0.966083 19.883852 -9.333400 0.993864
63.800000 25.600000 7.235955 26.422447 -11.449887 0.631115
74.700000 13.300000 1.116969 18.818703 -8.147085 0.993686
28.400000 255.800000 1.130329 19.967876 -9.332203 0.993128
39.500000 157.000000 1.097154 19.930664 -9.079198 0.993469
137.100000 5.200000 0.940910 19.781187 -8.753015 0.994413
145.300000 86.500000 0.922860 20.463140 -9.123677 0.994536
149.400000 49.200000 1.102877 20.372715 -9.284600 0.993549
21.000000 257.200000 1.046393 19.183558 -9.404209 0.993283
111.200000 195.200000 1.011401 21.822124 -7.921367 0.996714
37.100000 105.000000 0.987234 18.698652 -9.146728 0.993445
69.100000 309.600000 1.008795 19.337793 -8.229946 0.994514
133.600000 169.300000 0.974309 19.618324 -8.592751 0.994356
92.300000 180.200000 1.041101 18.350912 -7.969480 0.993871
114.600000 278.200000 1.046611 18.979750 -7.963022 0.994476
92.700000 357.900000 1.098017 20.801720 -7.965216 0.995826
64.500000 46.000000 15.682081 18.641731 -8.155022 0.289839
96.000000 46.200000 0.932513 20.632029 -7.937740 0.996205
115.200000 302.100000 0.951639 19.923717 -7.972709 0.995609
6.100000 42.400000 16.112883 16.584826 -8.259119 0.215847
74.300000 79.800000 9.205416 19.345558 -6.439418 0.585757
157.300000 250.100000 1.128718 20.563494 -9.524575 0.993351
68.100000 48.700000 8.232561 22.779930 -9.624085 0.548679
109.400000 222.200000 0.810665 17.141422 -7.907477 0.994072
102.700000 257.200000 1.058437 21.508837 -7.899409 0.996465
114.700000 245.700000 1.014129 19.641758 -7.964900 0.995190
81.500000 229.600000 0.928045 20.655725 -8.071038 0.996053
84.300000 166.100000 0.997541 17.959185 -8.043200 0.993595
71.400000 203.400000 16.390316 18.148474 -6.988369 0.338913
125.500000 116.000000 0.943936 18.876122 -8.253470 0.994348
41.000000 66.900000 1.083630 18.831530 -9.033778 0.992952
122.300000 319.700000 0.851895 20.948729 -8.143384 0.996345
122.900000 183.900000 1.054768 20.997780 -8.161505 0.995803
45.900000 111.300000 1.079775 19.785637 -8.873072 0.993669
95.800000 63.200000 0.910170 20.424597 -7.939692 0.996130
134.300000 274.200000 0.778288 18.411497 -8.624768 0.994425
76.200000 284.200000 1.062646 18.734692 -8.129495 0.993883
85.000000 134.700000 1.224538 19.932497 -8.037002 0.994572
29.500000 180.700000 1.122899 19.452574 -9.315730 0.992934
60.800000 267.000000 0.956411 17.772581 -8.408650 0.993347
61.100000 305.000000 1.084140 17.158777 -8.399935 0.992395
101.800000 344.500000 0.880612 20.101568 -7.902685 0.996051
133.000000 244.200000 1.157791 20.232082 -8.564481 0.994185
34.000000 84.200000 1.180156 20.957722 -9.226167 0.993730
128.000000 69.000000 1.090820 19.205273 -8.347389 0.993854
144.900000 44.300000 10.886355 19.093237 -9.223468 0.404529
50.800000 300.900000 0.957863 18.315960 -8.709248 0.993479
138.400000 192.900000 1.126061 20.816959 -8.815979 0.994428
25.600000 300.900000 0.962447 20.004269 -9.369051 0.993917
93.100000 192.800000 21.457815 10.250045 -4.764358 0.011864
161.300000 174.700000 0.967116 20.133381 -9.608042 0.993870
90.400000 288.000000 11.348158 22.303898 -8.330699 0.491308
119.800000 156.100000 18.168140 12.888324 -4.614549 0.135411
135.100000 314.700000 1.135778 20.355446 -8.662820 0.994226
113.700000 20.000000 0.987470 19.622704 -7.950664 0.995289
132.900000 33.900000 0.998643 20.000120 -8.557729 0.994618
128.100000 11.100000 0.945543 20.457861 -8.354259 0.995465
65.800000 30.100000 11.326786 21.974062 -9.627797 0.435181
57.400000 320.300000 1.025333 21.325081 -8.500238 0.995637
169.000000 331.600000 0.890877 22.087009 -9.705766 0.995046
92.100000 326.100000 0.894916 20.212593 -7.971261 0.995990
48.600000 166.600000 1.111169 17.771740 -8.784188 0.992511
62.500000 148.600000 1.076420 20.125742 -8.365003 0.994730
20.100000 93.400000 1.024633 19.690199 -9.408408 0.993495
82.200000 158.900000 0.972687 19.986525 -8.063969 0.995452
121.200000 118.300000 1.093688 18.690380 -8.110499 0.993727
119.500000 82.400000 1.027838 17.312937 -8.063828 0.992875
136.000000 127.300000 14.342306 20.382915 -8.145695 0.391985
83.100000 347.400000 14.227685 20.519363 -9.288618 0.336509
62.800000 184.900000 0.968694 19.169376 -8.359072 0.994337
121.000000 116.300000 0.795458 19.747766 -8.104907 0.995786
65.200000 79.700000 1.038144 22.367531 -8.304954 0.996501
85.800000 214.800000 1.210722 20.405781 -8.029216 0.995069
63.400000 94.200000 0.885124 18.839088 -8.344508 0.994450
135.200000 59.900000 1.067670 22.448843 -8.667104 0.996035
104.600000 196.000000 0.999137 17.645355 -7.895786 0.993507
47.600000 287.000000 1.076989 19.894598 -8.815217 0.993843
96.900000 83.000000 0.803328 19.413357 -7.930911 0.995770
128.000000 182.200000 0.947079 19.437689 -8.349990 0.994662
67.000000 149.200000 0.963870 21.798960 -8.268719 0.996404
98.400000 243.200000 1.071775 18.540018 -7.920979 0.994006
86.200000 41.800000 0.903812 20.573130 -8.025630 0.996128
42.700000 243.700000 1.057901 20.616997 -8.980519 0.994287
149.700000 315.400000 1.022452 19.574066 -9.295107 0.993488
62.400000 321.600000 1.079421 18.552462 -8.369311 0.993272
62.600000 267.900000 21.447098 16.916708 -6.742852 0.122704
149.000000 113.800000 0.909529 19.395552 -9.270651 0.993972
21.600000 298.300000 1.021804 20.865150 -9.401171 0.994114
96.700000 156.500000 0.844166 19.371952 -7.932622 0.995604
142.700000 193.600000 1.129493 18.725943 -9.012297 0.992666
62.000000 349.900000 1.009057 20.122849 -8.377169 0.994954
91.600000 83.700000 1.249533 20.136488 -7.975267 0.994789
49.600000 334.800000 1.050400 20.839888 -8.750422 0.994824
47.700000 280.100000 0.999510 21.589149 -8.813238 0.995463
12.300000 184.100000 0.917208 20.191950 -9.413424 0.994176
109.300000 273.200000 1.135457 17.151720 -7.907053 0.992251
119.800000 234.400000 1.001000 20.112778 -8.073656 0.995443
97.300000 141.500000 0.815183 19.632463 -7.928336 0.995889
66.600000 172.400000 0.925490 20.135910 -8.277019 0.995403
52.100000 224.200000 0.981356 20.321735 -8.664685 0.994788
106.200000 332.700000 1.046725 18.772987 -7.896062 0.994393
132.000000 202.400000 0.919491 22.555538 -8.517945 0.996623
128.600000 185.600000 0.968720 22.362301 -8.371058 0.996578
49.000000 60.200000 1.017750 21.079643 -8.771042 0.995093
143.200000 69.500000 0.978046 19.845037 -9.032855 0.993996
105.700000 14.300000 1.089058 19.926331 -7.895620 0.995288
74.900000 213.700000 1.153398 20.532822 -8.145501 0.995171
91.200000 102.500000 1.040451 20.212994 -7.979075 0.995541
139.200000 357.200000 0.972781 19.616560 -8.849643 0.994049
60.200000 208.000000 0.885638 20.338631 -8.424417 0.995472
40.000000 23.400000 0.866612 19.162783 -9.063408 0.994140
18.000000 185.300000 1.131294 19.741465 -9.414211 0.992983
143.500000 228.800000 1.115401 19.356493 -9.048400 0.993027
54.300000 121.700000 0.837939 20.527084 -8.593743 0.995530
58.000000 126.000000 0.992938 20.080017 -8.484586 0.994814
97.700000 314.000000 1.025949 18.793348 -7.925233 0.994448
140.400000 270.500000 0.893660 19.990402 -8.907405 0.994574
63.000000 246.400000 1.072365 19.318518 -8.354544 0.994031
79.600000 262.000000 0.968472 22.107004 -8.090893 0.996762
61.400000 190.400000 0.950566 20.529535 -8.391554 0.995448
130.900000 180.900000 8.402439 25.140112 -11.401082 0.581219
13.500000 22.900000 0.964619 19.156952 -9.415104 0.993695
100.200000 224.100000 12.315298 24.877506 -10.311714 0.488740
72.000000 316.900000 0.929393 20.570707 -8.185266 0.995835
105.800000 99.100000 1.015230 20.245659 -7.895606 0.995769
141.000000 159.500000 0.874774 22.661768 -8.933553 0.996315
66.200000 93.600000 1.132983 20.590244 -8.284340 0.995061
85.200000 14.100000 9.886972 24.691393 -10.280974 0.492154
58.500000 306.800000 1.114436 19.222952 -8.470655 0.993570
17.900000 2.700000 0.944467 18.821617 -9.414507 0.993813
26.700000 42.400000 0.750429 19.486750 -9.355514 0.994693
65.400000 127.100000 0.953437 20.528795 -8.300011 0.995570
151.300000 166.800000 1.114609 19.724400 -9.351571 0.993077
83.100000 202.300000 0.932969 20.913836 -8.054887 0.996226
82.100000 150.900000 0.922891 20.252529 -8.064971 0.995803
69.600000 290.800000 0.856452 18.878366 -8.222034 0.994760
75.400000 27.100000 1.080052 19.718010 -8.138275 0.994731
20.800000 23.600000 0.940428 20.135021 -9.405185 0.994054
36.200000 336.200000 0.942549 20.828753 -9.171056 0.994651
46.600000 177.500000 1.005380 19.473873 -8.849211 0.993804
65.200000 26.000000 1.075765 19.094982 -8.305135 0.993884
89.800000 57.500000 1.077665 20.883307 -7.991651 0.995902
82.900000 34.000000 0.939908 20.018276 -8.057768 0.995590
128.700000 71.600000 1.171580 19.078947 -8.375662 0.993307
114.400000 104.500000 1.059521 18.924925 -7.960104 0.994375
81.100000 183.300000 0.892604 20.891855 -8.075813 0.996291
171.700000 152.700000 1.149620 19.469263 -9.723825 0.992943
90.800000 259.700000 1.088506 19.878382 -7.982314 0.995105
33.800000 277.000000 15.876011 21.708986 -9.854121 0.311528
69.700000 136.300000 1.234439 20.555929 -8.220762 0.994792
88.800000 295.300000 0.969638 20.709473 -8.000599 0.996070
75.700000 12.200000 11.180956 20.368910 -8.835771 0.407610
79.400000 102.900000 1.022305 18.280251 -8.093489 0.993694
131.500000 60.100000 0.915010 20.674368 -8.498362 0.995515
145.000000 207.800000 9.770288 22.907587 -10.000497 0.429268
136.900000 153.700000 0.973213 18.934076 -8.743142 0.993697
45.800000 241.600000 1.084522 22.002153 -8.877273 0.995411
130.600000 198.400000 1.035617 18.458218 -8.456504 0.993319
66.700000 67.800000 0.939384 20.226740 -8.275578 0.995427
29.200000 331.900000 0.885914 20.023342 -9.321031 0.994285
153.300000 74.600000 1.044613 18.774338 -9.415207 0.993315
34.600000 46.200000 1.205004 19.427755 -9.210611 0.992515
70.000000 83.500000 1.075973 19.993845 -8.214926 0.994862
123.700000 203.000000 0.872849 18.990629 -8.187360 0.994830
66.300000 186.300000 0.838058 22.282373 -8.283501 0.996914
13.300000 158.900000 1.059120 20.223774 -9.414931 0.993556
131.300000 205.900000 0.858830 20.446842 -8.487817 0.995548
81.200000 238.300000 12.769410 22.299461 -9.325625 0.418536
100.500000 330.200000 1.161892 18.727022 -7.908318 0.993822
170.300000 92.300000 1.027149 19.162054 -9.715184 0.993612
23.200000 81.200000 1.080102 20.085218 -9.390671 0.993400
144.900000 133.500000 0.899638 20.885500 -9.105329 0.994923
126.000000 320.500000 0.827130 19.858780 -8.271722 0.995533
147.200000 63.200000 1.121339 18.803787 -9.202605 0.992766
78.900000 30.700000 0.948798 19.141542 -8.098854 0.994788
114.000000 198.000000 0.910466 20.305695 -7.953887 0.996032
64.500000 74.300000 1.165249 19.039936 -8.320625 0.993389
43.500000 308.500000 1.029695 19.914553 -8.954618 0.993896
65.900000 278.100000 1.132212 18.536777 -8.290212 0.993096
50.100000 52.500000 0.976487 19.794228 -8.733212 0.994300
94.400000 71.400000 1.055124 19.834299 -7.950884 0.995234
129.600000 303.100000 0.957780 18.915720 -8.416609 0.994098
13.900000 342.700000 0.982782 18.448595 -9.415531 0.993714
84.000000 338.100000 1.006222 19.834496 -8.046675 0.995246
42.500000 344.000000 1.052032 20.969961 -8.986144 0.994581
113.200000 305.200000 1.186617 19.843542 -7.943870 0.994795
67.300000 210.600000 11.978078 20.397160 -8.041471 0.414573
70.800000 15.100000 0.969335 19.728006 -8.203580 0.995041
18.700000 58.200000 0.947682 21.441114 -9.412715 0.994764
127.700000 311.000000 0.827746 18.689716 -8.338331 0.994595
118.200000 105.600000 0.947335 18.545607 -8.033441 0.994374
81.100000 277.300000 0.905542 21.103567 -8.075687 0.996384
64.900000 72.600000 0.987932 19.627098 -8.311552 0.994719
20.900000 219.300000 1.046782 20.822405 -9.404821 0.993979
45.000000 160.400000 1.093944 19.735220 -8.904275 0.993527
73.600000 53.600000 0.991849 21.127888 -8.161544 0.996064
112.300000 124.700000 0.931755 19.959482 -7.932103 0.995758
98.000000 354.000000 0.890156 19.403635 -7.923681 0.995487
60.300000 211.500000 0.984732 21.036364 -8.420917 0.995665
72.100000 171.300000 1.020218 19.439053 -8.183453 0.994633
113.000000 2.800000 0.968914 18.401257 -7.940586 0.994295
143.600000 49.100000 8.450912 27.501415 -11.559071 0.607047
121.700000 45.100000 1.240894 19.494345 -8.125497 0.993891
44.700000 134.800000 1.063597 20.369917 -8.915726 0.994154
21.100000 54.800000 1.152665 20.026657 -9.403912 0.993010
98.300000 32.000000 1.110656 18.919798 -7.921171 0.994226
111.000000 122.000000 1.054205 19.641232 -7.919787 0.995125
108.800000 355.300000 0.939263 20.363287 -7.904227 0.996058
107.900000 329.400000 0.914664 20.105675 -7.900273 0.995959
100.800000 83.800000 0.874842 19.661488 -7.906906 0.995755
46.700000 21.500000 1.024900 19.589590 -8.846206 0.993800
106.000000 103.400000 1.081166 20.446590 -7.895885 0.995721
152.000000 268.600000 0.866941 21.493153 -9.376582 0.995119
111.900000 188.700000 0.784876 18.281607 -7.927961 0.994991
125.300000 86.500000 0.989935 19.711058 -8.245123 0.994886
152.700000 159.400000 1.069273 19.612156 -9.396771 0.993253
108.900000 294.600000 0.828355 20.831476 -7.904576 0.996628
89.900000 249.500000 0.875305 19.387228 -7.990510 0.995424
160.300000 121.300000 16.981369 11.921560 -6.656152 0.197327
42.800000 176.700000 1.154023 19.759283 -8.975868 0.993178
47.100000 69.900000 11.799816 19.811476 -10.074193 0.515395
27.500000 91.800000 1.019204 20.423927 -9.345512 0.993899
43.000000 211.000000 1.015156 20.654331 -8.970652 0.994496
104.600000 30.000000 0.857703 17.839605 -7.895779 0.994369
82.600000 212.900000 12.773993 16.978674 -7.017972 0.299886
92.600000 118.400000 1.067265 20.250240 -7.966371 0.995505
87.300000 299.000000 1.218127 19.921824 -8.015010 0.994626
66.900000 166.600000 0.961536 18.847111 -8.271593 0.994221
11.300000 43.800000 0.960953 19.201796 -9.411666 0.993713
104.300000 146.800000 1.032459 20.180170 -7.896130 0.995668
119.800000 146.700000 1.025262 20.052223 -8.072444 0.995318
88.900000 343.700000 0.874971 20.309803 -7.999715 0.996072
75.000000 327.300000 15.463643 12.498814 -4.958737 0.155737
116.000000 42.200000 0.786245 20.066525 -7.988420 0.996181
127.100000 78.300000 1.016993 19.126333 -8.313194 0.994160
124.300000 23.700000 1.060889 18.700415 -8.210573 0.993727
128.100000 210.500000 9.080407 25.765604 -11.956739 0.576607
78.800000 228.100000 18.878138 17.123735 -5.963028 0.336833
128.800000 341.500000 12.936403 20.333462 -7.989856 0.393689
130.500000 297.700000 0.901477 18.752609 -8.451641 0.994188
91.500000 150.900000 1.036667 19.207716 -7.976201 0.994706
95.800000 183.200000 1.024655 19.676313 -7.939174 0.995225
81.600000 203.800000 0.948994 19.623384 -8.069897 0.995235
45.800000 128.700000 1.051834 18.212692 -8.878946 0.992946
68.000000 255.800000 1.021853 20.326721 -8.251019 0.995270
77.400000 151.600000 0.964356 19.185305 -8.115301 0.994739
161.000000 341.800000 1.185697 20.238466 -9.603105 0.992866
153.800000 53.700000 0.835559 21.487392 -9.431522 0.995164
77.300000 233.300000 8.961650 21.255774 -8.676842 0.571764
70.200000 149.100000 0.931917 22.507441 -8.212837 0.996899
156.500000 86.100000 1.022332 21.203716 -9.505462 0.994227
44.800000 175.400000 11.928077 27.922472 -12.279561 0.549909
83.700000 272.700000 1.092419 18.877193 -8.049464 0.994028
13.600000 300.700000 1.162600 19.553419 -9.415204 0.992755
69.200000 230.700000 0.957235 19.747768 -8.229428 0.995061
110.000000 33.800000 0.822547 19.811890 -7.911250 0.996014
108.600000 125.900000 10.232069 23.774229 -9.148607 0.524323
77.800000 76.100000 1.018721 19.745087 -8.110888 0.995024
66.700000 267.200000 0.974020 19.775705 -8.274394 0.994953
71.500000 60.400000 0.985450 20.765175 -8.192454 0.995796
12.300000 117.100000 1.004954 20.265873 -9.413521 0.993825
111.000000 89.500000 10.704814 19.982492 -8.387255 0.438164
161.300000 88.500000 10.898559 20.033821 -9.150312 0.481397
40.400000 133.600000 0.889353 19.619059 -9.052558 0.994241
162.100000 58.800000 0.857345 20.954548 -9.621728 0.994639
30.500000 224.900000 1.164315 20.174871 -9.298257 0.993115
64.400000 29.900000 0.879800 20.992661 -8.322822 0.996069
135.000000 307.100000 0.894904 22.351942 -8.658022 0.996414
51.700000 216.100000 1.007982 20.194122 -8.679248 0.994564
118.000000 335.900000 7.355017 22.564362 -10.401939 0.559418
123.200000 312.100000 0.976420 19.764538 -8.171492 0.995095
82.100000 269.900000 1.246607 19.294737 -8.065374 0.993766
123.100000 95.700000 0.900074 19.223028 -8.168798 0.994938
94.800000 11.100000 0.950801 20.885841 -7.947537 0.996302
82.500000 201.100000 12.760389 24.238962 -9.929448 0.497461
58.200000 341.500000 1.111021 20.813606 -8.478658 0.995009
80.700000 31.000000 1.032494 20.166319 -8.079085 0.995374
30.500000 185.800000 1.076349 20.059280 -9.298231 0.993462
61.000000 188.300000 1.059538 19.494913 -8.403379 0.994170
72.700000 237.100000 0.961758 18.318497 -8.174896 0.993905
64.100000 36.500000 1.046437 19.366131 -8.329298 0.994226
136.000000 99.600000 12.904871 19.775988 -7.881897 0.362472
132.200000 346.900000 1.061777 20.337555 -8.525928 0.994710
156.700000 261.900000 0.975659 20.013704 -9.511159 0.993811
114.300000 280.100000 0.998184 19.836132 -7.959025 0.995413
89.000000 282.500000 12.968575 24.026175 -9.839745 0.514668
105.400000 3.300000 0.824373 18.857994 -7.895459 0.995335
82.900000 131.900000 1.090480 19.601692 -8.057008 0.994725
75.400000 101.800000 10.003024 26.975433 -10.766953 0.592097
62.300000 46.400000 0.930949 19.140816 -8.370341 0.994457
30.700000 288.400000 0.910160 20.083797 -9.293986 0.994224
160.000000 211.600000 0.981886 17.910320 -9.583890 0.994277
41.800000 333.400000 1.027992 20.237095 -9.007415 0.994081
15.000000 353.500000 0.973970 21.413046 -9.416300 0.994646
76.100000 23.700000 0.878799 21.279629 -8.130562 0.996484
89.600000 211.600000 0.883343 18.785969 -7.993906 0.994907
96.000000 225.400000 0.980399 19.033310 -7.938029 0.994831
139.900000 272.600000 0.759116 20.026117 -8.883724 0.995137
70.300000 246.600000 0.989628 20.451735 -8.210576 0.995531
83.700000 122.200000 0.990735 19.935947 -8.049847 0.995374
136.000000 186.100000 1.001556 21.061972 -8.700894 0.995234
49.200000 300.500000 0.988547 19.764284 -8.764072 0.994187
109.700000 151.000000 1.005555 19.714146 -7.909775 0.995368
168.900000 97.900000 1.096714 19.095695 -9.704657 0.993270
91.700000 62.300000 18.210129 11.330394 -4.515939 0.079399
99.200000 141.800000 0.940386 19.137579 -7.915499 0.995108
103.700000 116.600000 1.243442 19.122927 -7.897140 0.993925
101.700000 282.400000 8.728251 24.806194 -9.767274 0.609545
14.200000 350.000000 0.860613 20.517979 -9.415796 0.994559
53.400000 153.100000 1.126514 20.094582 -8.622619 0.994090
48.300000 203.100000 1.029384 21.488243 -8.792459 0.995328
106.700000 27.900000 1.015857 20.752604 -7.896798 0.996115
166.000000 334.400000 1.141475 20.548328 -9.677073 0.993195
79.600000 169.900000 14.666739 20.364395 -8.606610 0.366676
40.200000 168.800000 15.174525 12.291381 -5.527002 0.077440
140.300000 62.000000 1.011151 20.865931 -8.901102 0.994769
40.400000 34.600000 1.101458 19.286085 -9.053338 0.993056
89.500000 101.400000 1.076966 18.074848 -7.994626 0.993375
104.600000 4.800000 0.902860 19.782377 -7.895783 0.995772
144.200000 121.700000 0.885564 22.693470 -9.078912 0.996138
138.600000 258.400000 1.103860 19.219540 -8.822946 0.993174
97.500000 87.100000 1.295565 19.463634 -7.926543 0.994024
70.100000 226.300000 1.072110 21.599798 -8.214316 0.996084
27.900000 269.100000 14.376822 20.477934 -8.881127 0.350525
128.000000 276.800000 1.018998 18.615179 -8.348044 0.993654
84.900000 8.900000 1.074460 21.591143 -8.037697 0.996302
112.700000 238.200000 0.842092 19.613695 -7.936950 0.995780
41.400000 93.000000 15.097208 12.700923 -5.579451 0.135157
18.200000 359.200000 0.871420 20.454809 -9.413955 0.994486
74.300000 9.300000 1.097104 19.174131 -8.152639 0.994123
113.900000 27.200000 1.006795 20.439396 -7.953577 0.995848
34.400000 170.200000 0.775265 20.234329 -9.215676 0.994899
116.800000 153.400000 1.115776 20.082279 -8.003748 0.995151
84.200000 257.200000 0.918746 20.667738 -8.044211 0.996123
12.700000 51.200000 1.014890 18.326969 -9.414129 0.993595
96.700000 236.000000 1.156340 20.773212 -7.932962 0.995687
43.400000 127.200000 0.893723 18.850004 -8.957920 0.993933
137.800000 200.400000 0.961976 21.516554 -8.784472 0.995566
67.700000 177.200000 0.795697 19.356901 -8.256071 0.995304
44.100000 97.700000 1.169374 20.520033 -8.932871 0.993816
42.100000 26.300000 14.887108 17.837030 -8.878618 0.277634
114.700000 67.000000 0.998955 20.742924 -7.964548 0.996062
152.800000 160.600000 0.796599 20.142677 -9.400426 0.994666
105.600000 189.700000 1.231428 18.637289 -7.895508 0.993424
108.600000 352.800000 1.059739 21.744198 -7.903243 0.996587
92.700000 199.400000 13.382635 20.841497 -6.987210 0.537266
111.700000 257.800000 0.875320 20.557926 -7.926673 0.996325
112.000000 213.500000 1.011327 20.726528 -7.929006 0.996066
84.300000 134.100000 0.997627 19.547298 -8.044073 0.995040
35.100000 59.000000 1.036871 20.453739 -9.199551 0.993982
60.100000 305.500000 1.056416 20.651474 -8.427205 0.995141
64.700000 179.200000 1.010332 18.594545 -8.315196 0.993721
86.000000 255.000000 1.084710 19.402794 -8.027450 0.994613
41.500000 150.000000 1.068727 19.736452 -9.019335 0.993524
133.600000 294.700000 0.987817 20.775612 -8.590714 0.995222
130.700000 222.000000 0.858992 20.540291 -8.462433 0.995646
53.600000 135.900000 1.075031 20.360283 -8.616680 0.994539
86.100000 118.600000 1.027328 19.470142 -8.026700 0.994893
142.500000 99.700000 0.907815 19.686632 -9.002402 0.994235
108.100000 158.700000 16.706421 16.854561 -6.884285 0.280511
146.100000 351.900000 1.221747 20.025492 -9.156326 0.992860
88.300000 344.100000 0.922321 20.648647 -8.006089 0.996152
68.200000 237.000000 1.145655 20.125248 -8.245899 0.994674
114.300000 69.600000 1.112151 20.856647 -7.958746 0.995835
113.300000 63.900000 0.725553 20.877628 -7.945446 0.996845
148.500000 166.200000 1.033420 18.817123 -9.250520 0.993258
77.500000 340.300000 0.793782 20.445423 -8.113709 0.996234
89.000000 96.300000 0.922045 20.520502 -7.999034 0.996080
27.700000 187.700000 1.104296 19.704027 -9.343406 0.993122
124.800000 215.700000 0.929586 20.403700 -8.227124 0.995658
84.300000 38.200000 0.893262 20.039461 -8.043246 0.995773
101.700000 121.100000 0.882835 20.489473 -7.903039 0.996294
100.900000 99.200000 1.115868 20.209639 -7.906721 0.995415
94.300000 274.300000 1.260211 21.585342 -7.951876 0.995946
147.100000 265.500000 1.047640 21.432972 -9.198954 0.994661
126.100000 171.400000 0.920072 21.739370 -8.275364 0.996467
29.000000 70.200000 1.043180 19.653709 -9.324231 0.993409
17.300000 169.500000 1.173863 19.063887 -9.415356 0.992606
74.100000 226.100000 0.925438 18.906649 -8.155375 0.994595
126.000000 335.800000 1.150341 20.349607 -8.272416 0.994814
67.600000 269.800000 1.006081 19.828514 -8.258380 0.994905
92.300000 121.500000 0.893050 19.276690 -7.969038 0.995309
15.200000 286.100000 1.039143 21.580664 -9.416327 0.994522
18.700000 101.400000 0.989095 19.927198 -9.412697 0.993746
147.500000 219.300000 0.972915 21.131805 -9.212878 0.994697
75.800000 86.100000 1.008520 20.480944 -8.133929 0.995608
69.100000 295.900000 1.047664 20.897356 -8.231523 0.995651
64.200000 102.300000 1.045742 19.906019 -8.326295 0.994716
79.300000 188.000000 14.387059 22.996824 -9.656781 0.509760
143.900000 17.700000 1.011428 20.960649 -9.065515 0.994617
139.200000 317.800000 1.019232 21.246906 -8.849554 0.995102
41.600000 196.200000 1.007427 19.983089 -9.015726 0.993977
165.700000 101.200000 0.889183 20.797411 -9.673497 0.994415
111.900000 135.200000 1.090546 20.990206 -7.928077 0.996029
86.100000 218.500000 0.949873 21.233683 -8.025897 0.996412
110.100000 343.200000 1.162565 21.173077 -7.912480 0.995981
108.000000 200.500000 1.018726 20.084984 -7.900601 0.995631
89.400000 233.900000 14.704977 22.251951 -9.773695 0.393879
101.500000 240.800000 1.094336 19.940037 -7.904062 0.995268
79.800000 105.400000 0.897506 19.560547 -8.089227 0.995335
52.000000 295.600000 1.084980 19.276176 -8.669430 0.993482
120.000000 66.000000 19.548359 14.098707 -5.234161 0.147030
48.000000 334.300000 1.135739 19.543859 -8.804261 0.993294
16.500000 240.400000 0.883084 19.932886 -9.416119 0.994224
98.500000 77.700000 0.960675 19.817261 -7.920252 0.995580
146.800000 271.200000 1.048288 19.571747 -9.185180 0.993402
94.000000 181.400000 1.186395 21.059484 -7.954691 0.995777
74.300000 100.200000 16.898664 16.246500 -5.530157 0.358129
122.400000 130.900000 0.990888 19.519592 -8.147899 0.994874
136.800000 352.000000 0.965891 20.251774 -8.739263 0.994687
74.200000 193.700000 0.836808 21.778782 -8.153542 0.996815
134.300000 37.800000 12.909572 20.627935 -9.195429 0.381355
55.900000 6.800000 0.983725 20.620245 -8.545811 0.995183
80.200000 30.800000 0.924535 19.959494 -8.084404 0.995556
104.600000 232.300000 1.099623 19.271721 -7.895781 0.994664
16.400000 193.200000 10.941315 15.014686 -8.928383 0.626127
106.800000 71.600000 0.950147 21.417665 -7.896997 0.996668
147.200000 155.600000 0.975947 22.128674 -9.199267 0.995392
41.000000 48.300000 0.928646 19.050488 -9.034951 0.993816
67.200000 151.400000 1.016565 21.207182 -8.264526 0.995909
147.900000 271.200000 1.103089 20.474287 -9.229751 0.993677
80.200000 22.500000 0.872751 18.523432 -8.084967 0.994600
90.500000 208.700000 1.071469 19.513519 -7.985328 0.994839
83.600000 34.100000 0.951772 19.263128 -8.050136 0.994958
95.700000 260.500000 0.851826 21.964804 -7.940012 0.997092
129.900000 321.600000 0.979491 20.924633 -8.428641 0.995591
124.000000 339.200000 0.876715 20.496801 -8.197546 0.995922
102.300000 41.300000 1.008369 20.478609 -7.900693 0.995947
58.200000 132.400000 1.068568 22.100445 -8.477605 0.996062
83.100000 183.300000 1.115098 19.830000 -8.055337 0.994845
147.900000 278.000000 0.973863 19.939882 -9.228093 0.993915
83.000000 85.800000 1.135802 21.637953 -8.055857 0.996155
25.400000 147.400000 1.001368 19.902945 -9.371316 0.993694
135.200000 297.500000 1.088816 19.031981 -8.663791 0.993272
63.600000 182.800000 0.833603 20.274521 -8.339890 0.995709
80.500000 143.300000 0.944719 21.133583 -8.081615 0.996295
132.800000 72.600000 1.085431 18.369123 -8.555301 0.992903
97.300000 277.500000 0.903018 19.529108 -7.928032 0.995534
85.300000 155.700000 0.917435 19.978971 -8.034470 0.995667
111.500000 119.100000 1.007493 18.570705 -7.924223 0.994314
134.200000 35.600000 1.086898 19.034201 -8.617382 0.993336
88.500000 291.500000 0.826669 20.833683 -8.003613 0.996514
113.600000 260.600000 0.977675 19.215271 -7.948551 0.994984
90.700000 261.100000 1.146712 19.028221 -7.983380 0.994069
158.700000 300.900000 0.898178 20.244907 -9.558408 0.994219
119.900000 127.700000 1.015483 19.341667 -8.075112 0.994743
91.400000 118.200000 0.929580 21.579451 -7.976942 0.996707
99.000000 287.400000 1.114793 19.935932 -7.917076 0.995175
77.500000 85.400000 1.065041 20.807396 -8.114453 0.995706
133.400000 125.300000 0.818976 21.194761 -8.584090 0.996030
128.300000 290.300000 1.104693 19.293779 -8.359399 0.993857
74.300000 345.800000 0.894989 20.237707 -8.152815 0.995752
103.800000 336.800000 0.922629 19.889353 -7.896851 0.995787
79.900000 273.700000 0.923082 19.450506 -8.088264 0.995159
93.600000 175.900000 0.997085 20.286509 -7.957407 0.995761
66.900000 202.200000 0.989929 18.760452 -8.270108 0.994021
62.500000 267.300000 1.078321 19.547144 -8.364623 0.994202
142.100000 44.300000 12.107695 21.294989 -10.325235 0.411110
55.500000 66.700000 0.955188 19.754160 -8.558096 0.994589
13.400000 312.800000 10.326895 20.676983 -9.855190 0.504838
102.800000 238.700000 0.805247 20.413630 -7.899096 0.996455
81.800000 24.100000 1.018395 19.550692 -8.068112 0.994928
122.800000 351.800000 0.877470 21.394855 -8.158431 0.996517
101.300000 34.200000 1.074255 18.364674 -7.904902 0.993842
81.500000 96.900000 1.010771 16.981852 -8.071267 0.992767
84.800000 153.200000 1.121409 19.199614 -8.039225 0.994248
112.900000 140.400000 1.020955 19.659082 -7.940315 0.995222
113.900000 58.100000 1.009886 20.562830 -7.953512 0.995925
114.300000 248.400000 0.817083 21.953428 -7.958297 0.997137
84.800000 282.300000 1.047053 20.505669 -8.039110 0.995651
85.300000 202.200000 0.859635 19.229258 -8.033602 0.995293
121.700000 196.700000 0.841848 18.572451 -8.127039 0.994711
84.300000 260.100000 1.019830 21.197439 -8.043270 0.996192
64.700000 175.600000 12.238188 20.556431 -9.401593 0.397454
30.100000 193.200000 0.808707 20.971462 -9.305285 0.995087
83.800000 195.400000 1.035370 19.161222 -8.048244 0.994546
158.900000 116.500000 0.887547 20.628458 -9.561922 0.994410
69.300000 271.600000 0.927444 21.402178 -8.226830 0.996316
97.100000 244.600000 0.965187 20.033951 -7.929438 0.995714
147.100000 182.100000 1.029090 18.750225 -9.199068 0.993253
150.200000 115.600000 0.961291 21.209602 -9.313885 0.994674
54.200000 273.700000 1.205997 20.156208 -8.598948 0.993857
67.400000 310.100000 0.978977 21.113510 -8.262196 0.995954
112.000000 125.400000 0.992745 18.339476 -7.929307 0.994148
159.000000 220.800000 0.958666 20.154161 -9.563086 0.993923
44.400000 216.400000 0.933158 21.752800 -8.923004 0.995627
84.400000 180.100000 14.816849 16.458572 -5.116880 0.466817
167.600000 175.900000 1.071645 21.010014 -9.693748 0.993739
61.600000 146.500000 0.910299 19.873446 -8.387434 0.995094
58.800000 214.600000 0.896776 19.171917 -8.461691 0.994504
117.100000 238.400000 13.979296 21.343515 -8.620467 0.426276
49.300000 38.200000 0.955201 20.482185 -8.759716 0.994874
60.600000 305.800000 1.058243 21.216497 -8.411939 0.995588
59.700000 274.700000 1.001411 21.300512 -8.437280 0.995776
101.000000 296.300000 1.072487 20.386665 -7.906248 0.995686
80.500000 151.700000 0.982220 19.274067 -8.081493 0.994801
112.300000 111.500000 1.034471 20.136009 -7.932741 0.995572
81.500000 200.000000 1.087121 23.185789 -8.071295 0.997039
94.800000 334.900000 0.741895 20.044607 -7.947742 0.996343
34.800000 261.900000 1.072905 18.954735 -9.207568 0.993053
127.200000 64.900000 1.104581 18.721321 -8.317746 0.993372
22.800000 302.300000 0.833406 21.035622 -9.393913 0.994951
139.400000 42.000000 0.958165 20.160370 -8.861275 0.994489
87.400000 232.300000 0.962269 19.823961 -8.013753 0.995436
163.800000 344.700000 0.995714 19.923176 -9.648279 0.993690
127.800000 301.600000 0.997132 20.247358 -8.340183 0.995153
100.600000 87.700000 0.828203 20.629580 -7.907831 0.996511
157.400000 237.500000 1.225239 17.936920 -9.528544 0.992907
75.400000 243.600000 1.017013 20.947327 -8.139165 0.995906
94.000000 154.300000 0.986658 19.670052 -7.954176 0.995325
105.800000 179.200000 0.902995 21.024422 -7.895677 0.996566
123.800000 42.400000 0.864277 17.570757 -8.193454 0.993840
25.700000 284.400000 0.994181 20.092394 -9.367162 0.993815
76.500000 316.800000 1.064443 18.800011 -8.125656 0.993945
34.100000 263.700000 0.990007 18.661386 -9.224157 0.993466
141.000000 269.300000 0.966463 19.128540 -8.933598 0.993710
92.200000 226.900000 1.008400 19.211182 -7.969788 0.994829
93.100000 195.900000 0.942965 17.962929 -7.961899 0.993982
156.500000 212.600000 10.513090 16.901209 -7.519876 0.329633
137.200000 159.700000 0.994595 19.274414 -8.757088 0.993807
93.900000 67.300000 1.125149 20.810564 -7.955356 0.995770
153.800000 170.400000 0.802060 19.958340 -9.432320 0.994573
163.500000 91.400000 0.966463 19.143787 -9.643614 0.993842
122.300000 324.300000 8.205776 27.022007 -10.764104 0.586824
152.700000 117.300000 0.963904 20.861019 -9.398475 0.994349
105.000000 359.400000 1.098247 19.624252 -7.895546 0.994996
54.600000 109.400000 16.657085 15.000756 -6.171054 0.133187
113.300000 76.100000 0.971039 19.682131 -7.945180 0.995402
30.900000 258.800000 0.952108 19.921892 -9.291001 0.993965
72.200000 316.400000 1.093998 18.054235 -8.182090 0.992991
64.400000 54.100000 0.960430 21.165249 -8.322334 0.995958
89.200000 171.300000 1.061781 19.283222 -7.997494 0.994642
37.100000 80.000000 20.336975 8.762064 -4.496578 0.002184
11.600000 273.600000 0.981331 18.992437 -9.412381 0.993612
106.300000 248.200000 10.479280 25.644844 -10.555077 0.567044
75.800000 215.800000 7.959882 27.701525 -11.629476 0.640118
71.300000 216.800000 0.926685 18.746120 -8.194708 0.994397
100.800000 87.400000 1.123100 18.632463 -7.907151 0.993897
120.800000 93.500000 0.968732 20.148016 -8.099531 0.995534
18.300000 37.600000 5.302550 23.155119 -11.529847 0.656603
113.900000 322.100000 1.028597 21.807533 -7.952952 0.996633
166.400000 93.100000 1.030994 20.554632 -9.680854 0.993708
171.000000 334.500000 0.980539 21.040535 -9.720215 0.994123
91.900000 192.600000 1.021057 21.697018 -7.972232 0.996568
103.900000 111.200000 1.002434 19.347399 -7.896653 0.995093
104.100000 54.200000 0.956050 19.895451 -7.896394 0.995690
22.400000 68.100000 1.123922 20.057447 -9.396417 0.993172
114.200000 177.300000 0.719192 20.246759 -7.957839 0.996509
64.300000 357.600000 1.053984 20.701710 -8.323715 0.995347
42.000000 182.400000 1.087322 19.738779 -9.002597 0.993454
105.200000 283.200000 0.961906 20.315832 -7.895477 0.995974
102.200000 290.700000 0.918978 19.450165 -7.901110 0.995461
30.700000 74.100000 0.743973 21.271994 -9.294490 0.995483
106.400000 209.900000 0.949920 21.035662 -7.896297 0.996458
74.900000 7.600000 8.970964 29.587191 -12.665533 0.668315
157.700000 101.300000 1.031567 20.138634 -9.534833 0.993591
167.800000 316.200000 1.138764 20.706690 -9.695018 0.993276
89.200000 111.900000 0.880008 19.273413 -7.997087 0.995309
174.300000 210.100000 0.980309 20.907335 -9.735860 0.994053
59.800000 324.000000 0.993250 19.446026 -8.434142 0.994359
61.700000 131.400000 11.206946 22.595646 -9.879829 0.477478
155.800000 297.700000 1.041324 18.396404 -9.487241 0.993531
92.400000 357.500000 1.070150 21.590702 -7.968431 0.996399
66.900000 15.300000 1.027314 19.576847 -8.270293 0.994588
94.900000 223.900000 11.402911 21.653097 -8.623531 0.495923
85.200000 152.100000 1.011925 19.726109 -8.034531 0.995156
90.500000 217.700000 1.081305 19.051025 -7.985073 0.994364
77.700000 236.000000 0.959411 20.708809 -8.111536 0.995945
107.000000 220.900000 1.018634 20.337976 -7.897382 0.995823
31.500000 202.100000 0.863522 19.860960 -9.279724 0.994334
114.000000 204.900000 1.004655 20.220793 -7.955207 0.995694
50.000000 242.500000 1.034589 19.603788 -8.734427 0.993899
95.300000 92.700000 0.931647 21.221657 -7.943919 0.996549
85.800000 248.200000 0.974237 20.105610 -8.029042 0.995591
82.200000 55.200000 0.932338 21.262640 -8.064404 0.996424
6.400000 174.400000 1.111922 19.982891 -9.401614 0.993190
33.900000 35.700000 1.069703 17.825680 -9.227200 0.993259
153.700000 258.800000 1.068977 19.378798 -9.427891 0.993200
116.700000 239.700000 0.911701 19.402603 -8.000118 0.995296
132.100000 183.700000 13.120687 14.466759 -6.430917 0.234321
47.800000 90.500000 0.852280 21.075785 -8.810986 0.995571
94.200000 248.300000 0.871663 20.708944 -7.952324 0.996392
74.600000 18.200000 0.829965 20.778585 -8.149021 0.996294
46.000000 246.700000 0.917060 19.845638 -8.869519 0.994423
122.400000 332.300000 0.983366 19.426300 -8.147424 0.994823
14.500000 311.000000 0.942298 19.580687 -9.415987 0.993857
32.500000 233.900000 0.984550 20.977928 -9.259455 0.994491
116.800000 350.300000 0.999480 18.430292 -8.003249 0.994084
148.600000 346.100000 0.891298 20.447908 -9.256681 0.994524
49.600000 315.900000 0.902232 20.849766 -8.749281 0.995339
63.500000 115.700000 0.879903 19.722000 -8.342167 0.995152
60.800000 271.500000 1.328986 20.330154 -8.407939 0.993873
27.900000 325.000000 0.868081 19.458925 -9.339803 0.994173
81.200000 170.100000 1.078019 22.045666 -8.074126 0.996508
132.500000 57.700000 0.843728 20.399126 -8.541231 0.995493
25.100000 252.200000 0.840020 19.964064 -9.373826 0.994433
101.300000 134.000000 1.072125 21.088575 -7.904951 0.996173
122.900000 140.100000 9.606290 21.813507 -8.862213 0.512934
141.300000 29.500000 1.058045 19.447115 -8.945953 0.993446
78.900000 291.100000 16.442268 16.008749 -6.009453 0.251962
128.600000 271.300000 19.192337 21.248707 -9.224818 0.238726
14.300000 347.800000 1.292294 20.769272 -9.415887 0.992827
81.800000 116.800000 1.099196 20.185070 -8.068263 0.995187
115.400000 199.700000 1.074108 18.284967 -7.977123 0.993634
125.700000 273.300000 0.891545 20.747555 -8.257989 0.995964
107.200000 283.800000 0.944334 19.987331 -7.897959 0.995791
100.700000 175.300000 0.912694 17.556871 -7.907464 0.993855
71.400000 118.400000 0.934281 18.787397 -8.194113 0.994400
95.400000 198.700000 1.119869 21.234062 -7.942990 0.996091
99.200000 159.900000 13.890878 18.279480 -7.915868 0.363597
69.500000 179.100000 14.716024 21.304358 -7.818442 0.502603
135.400000 208.500000 16.655684 21.418535 -9.338217 0.257309
22.700000 269.700000 0.856273 20.266979 -9.394355 0.994475
25.500000 23.500000 1.061293 20.410622 -9.369470 0.993686
135.200000 253.400000 1.032559 19.567049 -8.663140 0.993971
169.100000 71.000000 0.881885 19.840841 -9.706738 0.994216
76.900000 343.900000 0.708455 18.645004 -8.120854 0.995303
90.300000 161.200000 1.111021 19.698322 -7.987481 0.994858
5.800000 347.800000 0.916533 19.734772 -9.400520 0.994017
54.900000 156.100000 1.146347 20.092773 -8.577237 0.994081
111.800000 144.600000 0.970561 18.457378 -7.926698 0.994363
29.500000 281.300000 0.923564 21.680334 -9.315116 0.995117
55.900000 61.200000 0.781839 19.247250 -8.547034 0.994925
117.300000 328.500000 1.099021 19.704638 -8.012335 0.994864
40.900000 285.300000 1.231410 19.097208 -9.036167 0.992262
118.000000 160.600000 1.256185 20.512918 -8.029444 0.995011
102.900000 115.200000 1.002140 19.905762 -7.898929 0.995548
34.200000 246.300000 1.036777 20.733038 -9.221570 0.994156
26.300000 185.000000 0.970148 18.445068 -9.361015 0.993716
68.100000 153.000000 14.914735 22.650084 -8.772449 0.399662
21.200000 316.600000 1.047630 19.010365 -9.403295 0.993270
19.800000 102.000000 1.189056 19.754709 -9.409567 0.992692
50.400000 351.900000 10.833669 23.049889 -10.969624 0.603247
123.300000 124.600000 0.931528 21.327345 -8.176925 0.996324
62.100000 183.100000 0.862611 19.849197 -8.375243 0.995262
142.400000 115.900000 1.021602 20.640739 -8.997159 0.994426
76.800000 159.800000 0.888452 20.039129 -8.122289 0.995674
78.700000 132.300000 1.199485 21.313623 -8.100378 0.995707
112.700000 52.200000 1.246198 18.827486 -7.937181 0.993493
109.100000 356.100000 1.028506 19.168983 -7.905949 0.994823
147.500000 310.500000 0.999042 19.174545 -9.214447 0.993485
172.500000 168.000000 10.316033 20.125397 -10.284973 0.502593
140.600000 141.600000 1.122615 19.493336 -8.914824 0.993193
95.000000 48.300000 12.304642 20.670883 -8.680195 0.374399
166.600000 59.300000 0.843003 20.339180 -9.682703 0.994453
27.800000 139.500000 0.899499 20.204817 -9.341599 0.994298
127.600000 71.700000 1.004931 19.286465 -8.331889 0.994325
79.900000 314.200000 0.969238 19.238493 -8.087741 0.994810
77.800000 294.600000 1.138078 19.445200 -8.110609 0.994294
106.600000 272.500000 1.088907 18.961491 -7.896633 0.994403
44.300000 6.100000 1.021210 19.083210 -8.927738 0.993422
102.900000 286.000000 1.058626 18.735130 -7.898922 0.994300
108.100000 1.600000 0.938085 19.355682 -7.900913 0.995320
161.300000 277.100000 10.108878 22.142015 -10.790067 0.534866
12.300000 287.000000 1.044013 21.584921 -9.413433 0.994510
141.300000 139.300000 0.973707 20.304169 -8.949676 0.994424
25.900000 261.500000 1.051814 21.091486 -9.365179 0.994186
62.000000 177.100000 0.876617 17.692316 -8.377130 0.993747
11.900000 303.000000 17.744324 15.313180 -7.609292 0.168566
69.900000 131.800000 1.022760 19.999153 -8.217370 0.995053
86.900000 156.800000 1.183653 19.904045 -8.019027 0.994728
110.600000 336.100000 1.045669 19.253799 -7.916233 0.994818
120.200000 352.400000 1.100048 20.721895 -8.083438 0.995586
89.900000 204.100000 1.104683 20.213387 -7.990359 0.995319
19.600000 322.100000 15.600049 14.677750 -6.326743 0.141301
118.700000 107.100000 1.003069 19.771097 -8.045061 0.995207
30.500000 222.100000 1.077396 22.322962 -9.297332 0.995082
133.300000 105.300000 0.937229 19.806149 -8.578132 0.994673
64.200000 325.500000 1.069791 19.618559 -8.327303 0.994363
44.200000 256.700000 1.005749 19.172422 -8.931030 0.993545
48.900000 260.200000 1.149954 20.229177 -8.774254 0.993877
26.700000 289.700000 1.082855 18.398312 -9.356493 0.993138
78.700000 222.300000 1.057821 20.669178 -8.100421 0.995648
113.200000 89.600000 1.003318 20.141609 -7.943904 0.995656
101.000000 267.800000 5.306826 30.361675 -12.424330 0.645740
89.700000 21.600000 0.918728 19.061825 -7.992619 0.995003
124.600000 191.900000 0.957362 20.417355 -8.218367 0.995595
142.900000 338.000000 9.412397 23.491278 -10.034432 0.520081
20.600000 311.400000 0.901196 20.152430 -9.406301 0.994231
99.200000 253.800000 1.006712 19.098738 -7.915907 0.994825
8.100000 78.800000 0.897558 20.505007 -9.405048 0.994411
125.100000 299.400000 0.890317 21.282068 -8.237863 0.996325
155.600000 178.800000 7.514763 24.385229 -12.107029 0.548156
129.800000 177.300000 1.075664 20.874950 -8.424535 0.995259
151.400000 100.800000 0.920692 20.298197 -9.355722 0.994245
68.600000 74.600000 0.923837 20.681894 -8.238692 0.995853
162.600000 61.900000 1.046427 18.367945 -9.631016 0.993743
56.000000 29.400000 1.055584 19.255621 -8.543359 0.993767
128.800000 24.400000 0.823447 18.962101 -8.381415 0.994754
107.300000 7.400000 1.169611 19.801594 -7.898154 0.994899
18.700000 152.500000 1.008563 20.071159 -9.412715 0.993716
103.900000 219.800000 1.034455 19.698683 -7.896696 0.995279
116.900000 314.200000 18.314232 13.291999 -4.389710 0.250030
18.100000 145.300000 1.044293 20.051744 -9.414025 0.993541
