882 1
0.052790
-0.128207
-0.143973
-0.009126
0.007857
0.044537
-0.125073
0.048084
-0.103953
0.015150
0.050636
0.056632
0.054790
-0.107437
-0.147429
0.056444
-0.024920
-0.077175
0.011889
0.050595
0.053826
0.055413
0.054530
-0.098816
0.069399
-0.001248
-0.063872
0.068942
0.041847
0.069937
-0.071147
-0.064847
-0.035040
0.003228
0.015297
0.055158
-0.092734
0.009921
0.017921
0.070142
0.045522
0.036295
0.065588
0.064482
0.046877
-0.117717
0.023717
0.053035
0.040962
0.043547
-0.093938
0.048728
0.070182
0.046923
-0.132331
-0.025089
0.068459
0.000160
-0.008404
-0.066239
0.063452
-0.013726
0.046261
-0.105116
0.069636
-0.028412
-0.122240
0.062622
-0.075351
0.061990
-0.102088
-0.135890
-0.128621
-0.034805
0.037551
0.002205
-0.050705
0.050908
-0.068894
0.067581
0.005116
-0.097608
0.047492
0.052872
-0.101437
-0.106851
0.062388
-0.100393
0.070258
-0.143676
-0.108749
-0.117701
-0.127037
0.069622
0.069636
-0.108703
0.033571
-0.068770
0.068305
0.044739
-0.093537
0.053332
-0.061734
0.066967
0.044714
-0.002561
-0.107013
0.039162
0.018713
0.070254
0.070260
-0.026714
0.046197
0.031633
-0.108470
0.044167
0.005438
0.044641
-0.110793
-0.106878
0.036100
0.069014
0.065289
-0.147270
-0.003251
0.047616
-0.097276
0.067177
-0.107278
-0.094449
-0.107843
-0.108831
-0.004811
-0.104975
0.049062
0.060153
-0.070756
0.065203
0.068939
0.043572
0.045416
0.042931
-0.008397
-0.047250
0.015796
-0.102338
-0.021410
-0.049842
0.044253
0.029658
-0.077083
0.053250
0.043452
0.052382
0.069165
0.045236
-0.108826
0.041701
0.030267
-0.005657
0.019670
-0.017717
0.052917
-0.116098
0.027472
0.055388
-0.103585
0.065495
-0.017879
0.062478
0.021367
0.069183
0.060912
-0.146425
-0.108318
0.068333
0.026530
0.049112
0.029713
0.067241
0.067101
0.044029
0.067026
0.015262
0.050674
0.041344
0.052371
0.011960
0.063256
-0.103651
0.069717
-0.103105
-0.103766
-0.008055
0.035822
-0.021281
0.031421
0.021900
0.068139
-0.116168
0.061677
-0.004684
0.042917
0.052517
0.015995
-0.017836
-0.034582
0.041375
0.059220
0.049089
-0.072557
0.065678
0.056227
0.033347
-0.037817
0.066613
0.058642
-0.108078
0.062149
0.070143
0.060802
-0.085650
0.046685
-0.116916
-0.081780
0.062030
0.052254
0.025618
-0.092325
0.036281
0.069002
0.070246
0.051575
-0.088267
0.023329
-0.106956
-0.130296
-0.007630
-0.051100
0.046349
0.009076
-0.087231
0.030847
-0.017702
-0.085586
0.056390
0.006253
0.028059
-0.053430
0.070005
0.046544
-0.108420
-0.074097
-0.011648
0.051256
0.065220
0.064106
-0.065756
-0.091585
-0.011974
0.036823
0.050469
-0.012932
-0.108244
0.069959
-0.073992
0.065658
-0.007104
0.048420
0.070141
0.063490
0.069128
0.042708
0.052176
0.004193
0.059371
-0.099060
0.040635
-0.098919
-0.069126
-0.030716
-0.074364
-0.093313
-0.107398
0.067215
-0.077078
0.030878
-0.011844
0.061549
0.062310
0.062052
0.065287
0.061169
-0.121572
0.068851
0.069801
0.062089
0.049590
0.052869
0.028108
-0.063778
0.041071
0.038937
-0.044854
0.065057
-0.015614
0.042707
0.053598
-0.096979
0.009835
0.010861
0.069415
-0.008515
-0.086432
0.017049
-0.025562
-0.038131
-0.103258
-0.131400
-0.020095
0.063765
-0.007720
0.016240
-0.000950
-0.142908
0.061340
-0.034387
0.014974
-0.107892
0.050423
0.044944
0.050439
0.015673
0.045602
0.022046
0.054515
0.017388
-0.020600
0.070227
-0.038041
0.066091
0.016742
0.026312
0.067261
0.054937
-0.057506
-0.094551
0.014467
-0.091671
-0.107040
0.065890
-0.061248
0.013542
0.060868
-0.030411
-0.037808
-0.108483
0.068901
0.049282
0.066394
0.025335
-0.020315
0.070195
-0.003035
0.014261
-0.032839
-0.063669
0.070247
0.040822
0.060420
-0.042095
0.007978
-0.067267
-0.108576
-0.065499
-0.011961
0.000893
0.066760
-0.048896
0.016206
0.047252
0.011848
-0.108681
0.036139
0.070249
-0.051976
0.024473
0.002533
-0.108611
-0.101664
0.022628
-0.101199
0.051492
0.050305
0.031810
0.041673
-0.107513
-0.079943
-0.042044
0.022024
0.058939
0.051153
0.013719
0.062654
0.049028
-0.145034
0.060038
0.031960
0.057885
0.046947
-0.000729
-0.029554
-0.045348
0.004200
0.025505
-0.097603
-0.108693
-0.084601
0.032647
0.035893
0.024572
-0.108660
0.000512
0.068752
-0.144017
-0.105804
-0.072203
0.025959
-0.083658
0.046315
0.063386
0.020200
-0.054456
0.023781
-0.028384
0.063739
0.008898
-0.108731
0.052459
-0.058168
0.064565
0.033983
-0.108400
0.018115
0.054018
0.049043
0.021269
-0.107470
-0.048528
0.038933
0.065951
0.066943
0.008390
0.036353
0.064952
0.043178
-0.049876
-0.107363
0.067238
0.067401
0.069233
0.069699
0.068918
-0.041690
0.070216
-0.104145
0.066439
0.029091
-0.106522
0.069192
0.059073
-0.056958
-0.100486
-0.056344
0.070228
0.061916
0.056188
0.025974
-0.108276
0.070187
0.049425
0.057989
0.059319
0.021075
0.033159
0.004772
0.060758
0.065118
0.049725
-0.045545
0.028397
0.044378
-0.130819
-0.110614
0.032893
-0.119321
0.052131
-0.108693
0.030939
0.068406
0.044898
0.025644
0.035293
-0.108494
-0.065989
-0.133012
-0.094921
0.019941
-0.019530
-0.022030
0.037761
0.050257
0.038079
0.064133
0.001591
0.048643
-0.094918
0.010455
0.037361
0.019179
-0.003975
-0.119992
0.062781
0.070266
0.051243
0.014346
-0.094419
-0.128556
-0.060673
-0.108822
0.042581
0.058673
0.065253
-0.046108
0.033159
0.052086
-0.024579
-0.032018
0.068580
-0.142777
0.067906
0.070068
-0.108762
-0.015361
-0.035361
0.070108
-0.139529
-0.048154
-0.066081
0.058588
0.070228
-0.069092
-0.038951
0.066606
0.032719
0.016971
0.053517
0.065380
-0.108546
0.039981
0.063422
-0.085197
0.057514
0.052749
-0.108566
0.065850
-0.054845
-0.034420
0.027802
-0.051895
0.062130
-0.106952
0.070260
0.069349
0.066590
0.066315
0.052766
-0.083298
0.007650
0.020839
0.054723
-0.062077
-0.011604
0.003501
-0.014662
0.054811
-0.060083
-0.078208
0.057239
0.029000
0.062813
0.064380
-0.089300
0.044566
0.058069
-0.100238
0.031210
0.052863
0.069373
0.068940
0.063622
-0.083228
0.025530
-0.097980
-0.108710
0.039659
0.025877
0.027530
0.061601
-0.108825
-0.108397
-0.084868
0.042185
0.030692
0.019532
-0.067515
-0.042084
-0.061652
-0.139108
0.066425
0.054906
0.068262
0.069660
0.069253
0.047449
-0.020874
-0.036751
-0.108800
0.067346
-0.081606
0.063291
0.040540
-0.029097
0.039875
-0.006317
0.048017
0.070228
0.070085
-0.083265
-0.063916
0.026806
-0.086854
0.047950
0.059683
0.052052
0.065019
0.007481
0.034693
0.069649
0.001715
0.051439
-0.086659
0.051378
-0.103525
-0.020210
0.017932
0.048345
-0.007434
0.066430
0.053897
0.066879
-0.014745
0.057530
0.064014
0.059913
-0.125556
0.049111
0.060671
0.067720
0.044478
-0.010824
0.015634
0.039961
0.070102
0.047562
0.062971
0.026149
0.015019
-0.007763
0.069838
0.049935
0.039299
0.069154
0.049563
0.053337
0.064984
0.063430
0.062866
0.053350
0.053999
0.042996
0.052860
-0.095749
0.052275
-0.125969
0.031245
0.066265
-0.083241
-0.096762
-0.012574
0.027081
0.066280
-0.126107
-0.050733
-0.141493
0.012333
0.003589
-0.031505
0.009447
0.006463
0.068995
0.048359
0.065876
0.049560
0.064109
-0.084242
0.020539
-0.106185
-0.043464
0.056336
-0.136138
0.017897
0.068809
-0.122039
0.041568
0.063352
0.070240
0.035175
-0.103035
0.043159
-0.086196
-0.051981
0.061513
0.062442
-0.031196
0.063213
-0.110708
-0.135589
-0.106723
0.070256
0.064411
-0.094067
0.036513
0.019999
0.058251
-0.108360
0.035028
0.068889
0.046235
0.063496
-0.139974
-0.144609
0.061225
0.070125
0.070156
-0.106480
0.062920
0.019836
-0.060106
0.070264
0.069600
-0.094478
0.070167
-0.122780
-0.141642
0.058299
-0.146452
0.006833
-0.117175
0.061673
0.026127
0.053889
0.059713
0.044822
0.070039
-0.092739
0.063230
-0.028527
0.064559
0.054536
0.050372
-0.107092
-0.086554
-0.110187
0.057942
-0.037543
0.063570
0.040407
-0.044435
0.040596
-0.108785
-0.090352
0.057573
-0.090026
-0.030276
0.017663
0.009918
-0.099814
0.049227
-0.005777
-0.103820
0.069148
-0.053436
-0.108773
0.049917
0.060649
0.027576
0.069971
0.068852
0.035098
0.064669
-0.106238
-0.103307
-0.020133
-0.143022
0.043724
0.059430
-0.106963
-0.010017
0.066587
-0.096907
-0.006461
0.056503
-0.064059
0.054488
0.069857
-0.085891
-0.102312
-0.107290
-0.108029
0.037122
0.013769
-0.059465
0.043555
0.046135
0.065353
0.069031
-0.085052
-0.049770
-0.140192
-0.100025
0.018874
0.047624
0.044931
0.070128
-0.051291
0.069858
0.069624
-0.108484
-0.053874
-0.102802
0.013546
0.032359
0.055715
0.067820
0.048130
0.059091
0.052649
-0.094813
-0.010123
0.019414
-0.051678
-0.033217
-0.101779
0.046130
0.064561
0.058825
0.032242
-0.107644
0.067858
-0.107497
0.029946
0.007964
-0.101688
0.029848
-0.134106
-0.006028
0.013042
0.069948
-0.108400
0.070120
-0.108554
